0 0 320 240 62997 
0 0 112 113 3646 
13 0 1 1 1 
298 0 22 166 1762 
317 0 1 1 1 
318 9 2 2 3 
104 16 1 2 2 
91 19 1 2 2 
111 25 1 2 2 
16 27 1 3 3 
0 28 1 2 2 
2 28 4 8 15 
99 29 2 2 2 
68 32 2 4 5 
106 33 1 1 1 
9 34 3 2 4 
102 34 1 3 3 
0 35 3 2 5 
105 35 2 1 2 
7 36 1 1 1 
15 36 2 4 4 
100 36 1 2 2 
21 38 2 2 3 
69 38 1 3 3 
71 38 10 10 41 
91 38 1 1 1 
100 38 4 8 11 
105 38 1 1 1 
108 38 2 2 3 
0 39 2 4 8 
5 39 1 1 1 
7 39 1 1 1 
24 39 1 1 1 
82 39 5 4 11 
89 40 3 1 3 
105 40 1 3 3 
10 41 1 1 1 
108 41 1 3 3 
15 42 1 1 1 
21 42 1 1 1 
95 42 1 1 1 
111 42 1 2 2 
3 43 1 1 1 
91 43 2 2 3 
80 44 1 1 1 
82 44 3 3 4 
85 44 8 8 27 
2 45 2 1 2 
15 45 2 1 2 
22 45 1 1 1 
108 45 2 2 2 
95 46 1 2 2 
103 46 1 2 2 
78 47 2 3 4 
81 47 11 10 31 
16 48 1 1 1 
75 48 2 2 4 
98 48 1 1 1 
2 49 1 1 1 
5 49 4 3 4 
71 49 1 1 1 
94 49 4 3 7 
66 51 1 5 5 
15 52 2 2 3 
71 52 2 2 4 
76 52 3 7 13 
74 53 2 2 3 
102 53 2 2 4 
12 54 1 1 1 
63 54 1 1 1 
100 54 1 1 1 
108 54 1 1 1 
72 55 1 1 1 
69 56 1 1 1 
2 57 1 1 1 
15 57 1 1 1 
44 57 1 2 2 
71 57 3 1 3 
82 57 3 4 6 
94 57 1 1 1 
105 57 1 3 3 
49 58 3 3 7 
69 58 2 6 7 
89 58 2 3 5 
61 59 1 1 1 
80 59 1 1 1 
94 59 1 1 1 
46 60 1 1 1 
59 60 3 4 8 
72 60 2 6 7 
74 60 3 2 4 
56 61 2 3 4 
78 61 1 2 2 
9 62 1 1 1 
44 62 1 2 2 
50 62 5 9 19 
66 62 1 2 2 
86 62 2 3 5 
109 62 1 1 1 
16 63 1 1 1 
46 63 2 4 5 
90 63 1 2 2 
95 63 1 1 1 
12 64 1 1 1 
75 64 2 2 3 
32 65 1 1 1 
56 66 1 1 1 
90 66 1 1 1 
46 68 1 2 2 
83 68 1 2 2 
44 69 1 1 1 
56 69 1 1 1 
42 71 3 3 6 
61 71 1 1 1 
87 71 1 1 1 
90 71 2 1 2 
95 71 2 2 2 
50 72 2 5 8 
70 74 1 2 2 
83 74 1 2 2 
86 78 1 1 1 
54 79 1 1 1 
72 79 1 2 2 
51 80 1 2 2 
7 81 1 1 1 
29 83 1 1 1 
51 86 1 1 1 
14 87 1 1 1 
82 88 2 1 2 
314 89 1 1 1 
50 91 1 1 1 
35 92 1 1 1 
54 92 1 2 2 
50 101 1 1 1 
87 101 1 2 2 
49 103 1 1 1 
10 105 2 1 2 
50 105 1 1 1 
84 109 1 1 1 
48 110 1 1 1 
50 110 2 3 5 
312 111 2 1 2 
0 113 1 1 1 
43 113 6 11 28 
54 113 2 3 3 
50 114 3 2 5 
318 114 2 1 2 
318 116 2 2 3 
7 118 107 122 7375 
42 119 2 2 3 
39 120 1 1 1 
39 123 2 2 2 
46 123 1 2 2 
16 126 1 1 1 
102 128 1 3 3 
105 128 1 3 3 
319 128 1 2 2 
38 130 2 1 2 
78 130 1 1 1 
88 132 2 1 2 
316 132 1 1 1 
85 133 1 2 2 
102 133 1 2 2 
27 135 1 1 1 
313 135 3 3 4 
106 136 1 1 1 
90 137 1 2 2 
12 138 1 1 1 
96 138 1 2 2 
101 138 2 4 5 
107 138 1 1 1 
82 139 2 2 3 
86 140 1 1 1 
65 141 1 2 2 
90 141 1 2 2 
94 141 1 1 1 
98 141 1 1 1 
314 141 1 3 3 
319 141 1 3 3 
67 142 1 2 2 
81 142 5 2 5 
94 143 10 5 25 
74 144 1 1 1 
92 144 1 1 1 
105 144 4 4 6 
81 145 1 2 2 
90 145 1 1 1 
316 145 4 5 11 
74 146 1 1 1 
73 147 7 6 14 
92 147 1 1 1 
109 147 1 1 1 
315 148 1 1 1 
79 149 2 2 3 
105 150 1 1 1 
15 151 1 1 1 
36 152 1 1 1 
29 153 1 1 1 
75 153 1 1 1 
77 153 1 1 1 
315 153 5 6 11 
27 154 1 1 1 
33 155 1 1 1 
310 155 1 1 1 
8 156 1 1 1 
313 156 1 1 1 
4 158 1 1 1 
308 158 2 2 2 
34 160 1 1 1 
309 161 1 1 1 
2 162 1 1 1 
318 162 2 1 2 
0 163 1 2 2 
315 163 5 5 11 
6 164 1 1 1 
98 169 1 2 2 
306 169 2 4 5 
318 169 2 2 3 
27 170 1 1 1 
309 170 1 1 1 
313 171 2 1 2 
317 172 3 2 3 
315 173 1 1 1 
310 175 1 1 1 
315 176 1 1 1 
307 177 1 1 1 
313 177 1 1 1 
317 177 3 3 5 
30 180 1 1 1 
301 181 1 1 1 
314 181 1 1 1 
319 181 1 2 2 
273 183 1 1 1 
301 183 1 1 1 
319 185 1 1 1 
264 187 1 1 1 
8 188 1 1 1 
285 188 1 1 1 
246 189 1 1 1 
317 189 3 4 7 
31 190 1 2 2 
293 190 1 1 1 
11 191 1 1 1 
270 191 1 1 1 
299 191 1 1 1 
6 192 1 1 1 
20 192 2 1 2 
255 192 1 1 1 
317 193 1 1 1 
13 194 1 1 1 
311 194 2 1 2 
28 195 1 1 1 
231 195 1 1 1 
303 195 1 1 1 
316 196 1 1 1 
7 197 2 1 2 
303 197 2 2 3 
287 198 1 1 1 
253 199 1 1 1 
279 199 1 1 1 
304 199 3 3 5 
300 200 3 2 3 
317 200 1 3 3 
314 201 1 1 1 
16 202 1 1 1 
19 203 3 2 4 
6 204 9 4 16 
287 205 1 1 1 
297 206 1 1 1 
3 207 2 1 2 
17 207 1 1 1 
19 207 5 11 19 
138 207 1 1 1 
13 208 2 1 2 
131 208 1 1 1 
319 208 1 2 2 
2 209 1 1 1 
4 209 1 1 1 
10 209 1 1 1 
289 209 1 1 1 
291 209 1 1 1 
296 209 2 2 3 
294 210 1 1 1 
3 211 12 10 35 
287 211 1 1 1 
315 211 2 3 3 
4 212 1 1 1 
137 212 1 1 1 
7 213 1 1 1 
237 213 1 1 1 
292 213 1 1 1 
298 213 2 1 2 
303 213 1 1 1 
0 214 1 1 1 
303 215 1 1 1 
0 216 2 3 6 
314 216 1 1 1 
317 216 1 1 1 
308 217 1 1 1 
289 218 1 1 1 
210 219 1 1 1 
312 219 2 2 2 
310 220 1 1 1 
4 221 1 1 1 
207 221 1 1 1 
0 222 5 5 8 
273 222 1 1 1 
300 222 1 1 1 
309 222 2 1 2 
4 223 1 1 1 
282 223 1 1 1 
6 224 1 1 1 
304 224 1 2 2 
313 224 1 1 1 
292 226 1 1 1 
310 227 1 2 2 
3 228 2 2 3 
171 228 1 1 1 
295 228 1 1 1 
314 228 3 2 3 
259 229 1 1 1 
276 229 1 1 1 
288 229 1 1 1 
302 229 1 3 3 
0 230 8 10 45 
249 231 1 1 1 
276 231 2 1 2 
270 232 1 1 1 
281 232 1 1 1 
304 232 1 1 1 
308 232 1 2 2 
314 234 1 1 1 
317 234 1 2 2 
282 235 1 1 1 
319 235 1 3 3 
310 236 1 1 1 
214 237 1 1 1 
222 237 1 1 1 
225 237 1 1 1 
295 237 1 1 1 
308 237 1 1 1 
131 238 1 1 1 
133 238 5 1 5 
149 238 1 1 1 
282 238 1 1 1 
314 238 2 2 3 
207 239 1 1 1 
209 239 1 1 1 
219 239 1 1 1 
300 239 1 1 1 
319 239 1 1 1 
